03110006
00A1C006
00A28006
00EEE006
00F34006
00F9A006
00FAE006
05174006
01502006
0151C006
01574006
01316006
0110C006
009DC006
00A62006
00ACA006
00B18006
00EA0006
0079A006
018B2006
018B2006
018B2006
01AEE006
0198C006
019C6006
019DC006
019EE006
01A62006
01AC2006
01B1C006
01B60006
01B7A006
01BAE006
01C04006
01BBC006
01C22006
01C44006
01C8C006
01CB4006
01D04006
01DB4006
01D66006
01DE2006
01E1A006
01E70006
01ED6006
01F08006
01F3E006
01FA2006
01FBC006
01FF6006
02012006
02034006
0203E006
0205A006
02074006
020B0006
02110006
02130006
0215E006
02178006
02192006
021A6006
021B8006
021CA006
021E4006
021FA006
0220E006
02232006
0226C006
022A0006
022DA006
0230E006
02376006
023E6006
02418006
0243C006
030E4006
02468006
024BA006
024EA006
02510006
0252A006
02566006
025BC006
026DE006
02750006
027AA006
027E4006
02836006
028C8006
0290A006
02948006
029AA006
02A14006
02A2E006
02ABE006
02AE0006
02AF0006
02B34006
02B60006
02B76006
02BA8006
02BF4006
02C1A006
02C34006
02C7A006
02CE8006
02D2E006
02D7A006
02DB2006
02DFE006
02E42006
02E94006
02EB4006
02EEA006
02F0A006
02F4A006
02FF0006
030B8006
03162006
03190006
031B8006
03218006
0328A006
03418006
0343C006
03508006
035AA006
035DE006
0363C006
036DE006
03662006
0377A006
03852006
038DE006
03936006
03990006
03A02006
03A34006
03A68006
03B56006
03BAE006
03BF6006
03C1E006
03CB2006
03CE8006
02892006
00000004
00000004
00000004
00000004
04010006
04046006
0408C006
0410E006
04994006
049B0006
049C8006
049EE006
049F2006
049F6006
049FA006
049FE006
04A02006
04A06006
04A0A006
042DC006
0434E006
043DA006
043F0006
04460006
044B6006
044F4006
04596006
045C6006
045FC006
0464E006
046E8006
047B0006
0481C006
04878006
048A8006
048DA006
04908006
04954006
001D402C
01050008
114CE018
001D602C
05186007
001D802C
05198007
214C6018
01050006
0001A2B2
054CA018
0000002C
05192008
03E8C003
05194006
03E86003
051AA003
00266006
0001A2B2
054CA018
0000002C
051A4008
03E8C003
051A6006
03E86003
017E2003
00266006
014C801C
00008016
00000011
0158C01B
315B6217
051C2003
015B601C
00000010
08000029
00004016
014F4003
00000004
315B6018
0800002A
00002016
00000081
03EB0003
03DFC003
0958C018
3C000029
28000029
14200091
000000A1
03DE4003
3158C218
00008090
00000081
00000026
03DEE003
03E5A003
03DEE003
03E5A003
03DEE003
03E5A003
03DEE003
00000082
000020AC
05202007
00000081
03E5A003
0000801D
00000227
00000082
051DE00D
0000801D
03E10003
000C8090
04F62003
0158C01C
00008211
00020210
00000221
0158C01B
00000082
051C800D
00000004
00000000
00000000
00000000
00000000
00000000
00000000
00000000
00000000
00000000
00000000
00000000
00000000
00000000
00000000
00000000
00000000
00000000
00000000
00000000
00000000
00000000
00000000
00000000
00000000
00000000
00000000
00000000
00000000
00000000
00000000
00000000
00000000
00000000
00000000
00000000
00000000
00000000
00000000
00000000
00000000
00000000
00000000
00000000
00000000
00000000
00000000
00000000
00000000
00000000
00000000
00000000
00000000
00000000
00000000
00000000
00000000
00000000
00000000
00000000
00000000
00000000
00000000
00000000
00000000
00000000
00000000
00000000
00000000
00000000
00000000
00000000
00000000
00000000
00000000
00000000
00000000
00000000
00000000
00000000
00000000
00000000
00000000
00000000
00000000
00000000
00000000
00000000
00000000
00000000
00000000
00000000
00000000
00000000
00000000
00000000
00000000
00000000
00000000
00000000
00000000
00000000
00000000
00000000
00000000
00000000
00000000
00000000
00000000
00000000
00000000
00000000
00000000
00000000
00000000
00000000
00000000
00000000
00000000
00000000
00000000
00000000
00000000
00000000
00000000
00000000
00000000
00000000
00000000
00000000
00000000
00000000
00000000
00000000
00000000
00000000
00000000
00000000
00000000
00000000
00000000
00000000
00000000
00000000
00000000
00000000
00000000
00000000
00000000
00000000
00000000
00000000
00000000
00000000
00000000
00000000
00000000
00000000
00000000
00000000
00000000
00000000
00000000
00000000
00000000
00000000
00000000
00000000
00000000
00000000
00000000
00000000
00000000
00000000
00000000
00000000
00000000
00000000
00000000
00000000
00000000
00000000
00000000
00000000
00000000
00000000
00000000
00000000
00000000
00000000
00000000
00000000
00000000
00000000
00000000
00000000
00000000
00000000
00000000
00000000
00000000
00000000
00000000
00000000
00000000
00000000
00000000
00000000
00000000
00000000
00000000
00000000
00000000
00000000
00000000
00000000
00000000
00000000
00000000
00000000
00000000
00000000
00000000
00000000
00000000
00000000
00000000
00000000
00000000
00000000
00000000
00000000
00000000
00000000
00000000
00000000
00000000
00000000
00000000
00000000
00000000
00000000
00000000
00000000
00000000
00000000
00000000
00000000
00000000
00000000
00000000
00000000
00000000
00000000
00000000
00000000
00000000
00000000
00000000
00000000
00000000
00000000
00000000
00000000
00000000
00000000
00000000
00000000
00000000
00000000
00000000
00000000
00000000
00000000
00000000
00000000
00000000
00000000
00000000
00000000
00000000
00000000
00000000
00000000
00000000
00000000
00000000
00000000
00000000
00000000
00000000
00000000
00000000
00000000
00000000
00000000
00000000
00000000
00000000
00000000
00000000
00000000
00000000
00000000
00000000
00000000
00000000
00000000
00000000
00000000
00000000
00000000
00000000
00000000
00000000
00000000
00000000
00000000
00000000
00000000
00000000
00000000
00000000
00000000
00000000
00000000
00000000
00000000
00000000
00000000
00000000
00000000
00000000
00000000
00000000
00000000
00000000
00000000
00000000
00000000
00000000
00000000
00000000
00000000
00000000
00000000
00000000
00000000
00000000
00000000
00000000
00000000
00000000
00000000
00000000
00000000
00000000
00000000
00000000
00000000
00000000
00000000
00000000
00000000
00000000
00000000
00000000
00000000
00000000
00000000
00000000
00000000
00000000
00000000
00000000
00000000
00000000
00000000
00000000
00000000
00000000
00000000
00000000
00000000
00000000
00000000
00000000
00000000
00000000
00000000
00000000
00000000
00000000
00000000
00000000
00000000
00000000
00000000
00000000
00000000
00000000
00000000
00000000
00000000
00000000
00000000
00000000
00000000
00000000
00000000
00000000
00000000
00000000
00000000
00000000
00000000
00000000
00000000
00000000
00000000
00000000
00000000
00000000
00000000
00000000
00000000
00000000
00000000
00000000
00000000
00000000
00000000
00000000
00000000
00000000
00000000
00000000
00000000
00000000
00000000
00000000
00000000
00000000
00000000
00000000
00000000
00000000
00000000
00000000
00000000
00000000
00000000
00000000
00000000
00000000
00000000
00000000
00000000
00000000
00000000
00000000
00000000
00000000
00000000
00000000
00000000
00000000
00000000
00000000
00000000
00000000
00000000
00000000
00000000
00000000
00000000
00000000
00000000
00000000
00000000
00000000
00000000
00000000
00000000
00000000
00000000
00000000
00000000
00000000
00000000
00000000
00000000
00000000
00000000
00000000
00000000
00000000
00000000
00000000
00000000
00000000
00000000
00000000
00000000
00000000
00000000
00000000
00000000
00000000
00000000
00000000
00000000
00000000
00000000
00000000
00000000
00000000
00000000
00000000
00000000
00000000
00000000
00000000
00000000
00000000
00000000
00000000
00000000
00000000
00000000
00000000
00000000
00000000
00000000
00000000
00000000
00000000
00000000
00000000
00000000
00000000
00000000
00000000
00000000
00000000
00000000
00000000
00000000
00000000
00000000
00000000
00000000
00000000
00000000
00000000
00000000
00000000
00000000
00000000
00000000
00000000
00000000
00000000
00000000
00000000
00000000
00000000
00000000
00000000
00000000
00000000
00000000
00000000
00000000
00000000
00000000
00000000
00000000
00000000
00000000
00000000
00000000
00000000
00000000
00000000
00000000
00000000
00000000
00000000
00000000
00000000
00000000
00000000
00000000
00000000
00000000
00000000
00000000
00000000
00000000
00000000
00000000
00000000
00000000
00000000
00000000
00000000
00000000
00000000
00000000
00000000
00000000
00000000
00000000
00000000
00000000
00000000
00000000
00000000
00000000
00000000
00000000
00000000
00000000
00000000
00000000
00000000
00000000
00000000
00000000
00000000
00000000
00000000
00000000
00000000
00000000
00000000
00000000
00000000
00000000
00000000
00000000
00000000
00000000
00000000
00000000
00000000
00000000
00000000
00000000
00000000
00000000
00000000
00000000
00000000
00000000
00000000
00000000
00000000
00000000
00000000
00000000
00000000
00000000
00000000
00000000
00000000
00000000
00000000
00000000
00000000
00000000
00000000
00000000
00000000
00000000
00000000
00000000
00000000
00000000
00000000
00000000
00000000
00000000
00000000
00000000
00000000
00000000
00000000
00000000
00000000
00000000
00000000
00000000
00000000
00000000
00000000
00000000
00000000
00000000
00000000
00000000
00000000
00000000
00000000
00000000
00000000
00000000
00000000
00000000
00000000
00000000
00000000
00000000
00000000
00000000
00000000
00000000
00000000
00000000
00000000
00000000
00000000
00000000
00000000
00000000
00000000
00000000
00000000
00000000
00000000
00000000
00000000
00000000
00000000
00000000
00000000
00000000
00000000
00000000
00000000
00000000
00000000
00000000
00000000
00000000
00000000
00000000
00000000
00000000
00000000
00000000
00000000
00000000
40AD2187
AF6B74BE

[Information]
Version=1.00
Length=4096
Date=2011-10-18
EccDetail=1