00000010
A2902FC9
0E96A2A0
152C1358
4FD113EC
18D118C7
1ED514CA
1F481F1B
20B32039
2547251C
25F225E4
1AD118B2
197B190F
1AA319E2
2FC22FC2
A24A3208
320830C1
337E33BE
32B33351
342033EC
34356616
34C63470
6D6836F4
375D3654
37FE37C8
38B49021
392138E4
394A393B
397E3970
3A3539C6
3A8C3A5A
3ADA3AC0
3B113AF0
3B233B18
3B343B2C
3E8F3B3B
3F013EC2
3F703F3A
404F3FE4
40AE4084
412140CE
4161413B
41BD417A
43DD421D
460D45F5
46F0462C
47254710
47D34778
48944864
490548C1
49534938
49F84983
4AE74A75
4B434A8E
4BD64B90
4C504BF7
4D454CC8
4D854D68
4DFB4DB9
4F994EB0
50934C90
518A5104
540653DE
55CD552F
57915616
583457D6
585958E7
5A835978
5B145A5F
5C1E5BAE
5E265CE3
5F7D5EC4
60A0606E
614760D0
61F56174
46AD6238
6C536C01
A37DA36C
A35DA364
A29A6D33
688C6768
6AA068C0
774A6B9C
6F0177A6
70526FA3
70F8707F
726D7150
735272AD
74197382
759B751E
75FD75AB
330876B5
770367A0
A3457777
78B37AB3
0E347AEA
AD00AA98
E4500200
2FC7503B
920C7150
A8109708
97089CFF
0E9C01B0
9E409297
5097099C
90140E94
8A3E9708
2C507096
500800AE
A00124CF
100A9E4B
4597529C
BA9E5092
96839C40
909E4392
5DC5973B
17905097
9E503C43
4DA02276
975D9C9E
A033C450
50BC9E5D
1200AA81
3F523596
0100AC16
0A7982EE
5DA02E56
8150BC9E
3C98C3C2
047220DE
1211E7E7
9F359613
C150975D
17185217
00AC1516
AC82EE01
83EF0400
5DA21979
24CF509E
AC00B001
34940400
18D63198
20D628D6
62C53194
01A8C097
93503094
0798013D
30895010
0FA90798
82F500B1
5A2AF514
94683C24
64A91F72
3E004D50
15729469
18943BA0
C50E5A03
31509787
9430A876
0143063A
20DE3C98
01176374
20DE3C98
0116B974
A00C7350
089C9708
EF52010C
01665F50
10975092
1402CC50
0197529C
AA980E34
0200AD00
503BE450
71502FC7
02CA500C
A096893B
0C549E40
C544522C
5252975E
9E5F3D01
00B01876
941160AC
9E309236
18598018
5901001C
99F9C51D
7494023D
7750297C
2A38502B
973B9245
10975DA0
50975DC5
9C141790
9954975D
2A385029
9C0721B4
8050975E
02CA5031
0196893B
982B7750
CE20CE31
A0319428
1C509E50
9E5DA02A
9F5078D6
973B9216
50179050
BE5417C1
94013629
7859E418
055AE618
A026E554
FE189E40
55A17E58
6E2750AE
016D1650
8D50E351
01E0516C
70980C3D
0B506D67
6D4B506D
3A945DA8
99F8A001
597000DE
5954E46C
96893B6C
AC106888
FFB055FF
AD250090
06A00501
1BD11C9A
045A05A8
4D5007A8
85881404
00000001
00000000
00000000
00000000
00000000
00000000
00000000
00000000
00000000
00000000
00000000
00000000
00000000
00000000
00000000
00000000
00000000
00000000
00000000
00000000
00000000
00000000
00000000
00000000
00000000
00000000
00000000
00000000
00000000
00000000
00000000
00000000
00000000
00000000
00000000
00000000
00000000
00000000
00000000
00000000
00000000
00000000
00000000
00000000
00000000
00000000
00000000
00000000
00000000
00000000
00000000
00000000
00000000
00000000
00000000
00000000
00000000
00000000
00000000
00000000
00000000
00000000
00000000
00000000
00000000
00000000
00000000
00000000
00000000
00000000
00000000
00000000
00000000
00000000
00000000
00000000
00000000
00000000
00000000
00000000
00000000
00000000
00000000
00000000
00000000
00000000
00000000
00000000
00000000
00000000
00000000
00000000
00000000
00000000
00000000
00000000
00000000
00000000
00000000
00000000
00000000
00000000
00000000
00000000
00000000
00000000
00000000
00000000
00000000
00000000
00000000
00000000
00000000
00000000
00000000
00000000
00000000
00000000
00000000
00000000
00000000
00000000
00000000
00000000
00000000
00000000
00000000
00000000
00000000
00000000
00000000
00000000
00000000
00000000
00000000
00000000
00000000
00000000
00000000
00000000
00000000
00000000
00000000
00000000
00000000
00000000
00000000
00000000
00000000
00000000
00000000
00000000
00000000
00000000
00000000
00000000
00000000
00000000
00000000
00000000
00000000
00000000
00000000
00000000
00000000
00000000
00000000
00000000
00000000
00000000
00000000
00000000
00000000
00000000
00000000
00000000
00000000
00000000
00000000
00000000
00000000
00000000
00000000
00000000
00000000
00000000
00000000
00000000
00000000
00000000
00000000
00000000
00000000
00000000
00000000
00000000
00000000
00000000
00000000
00000000
00000000
00000000
00000000
00000000
00000000
00000000
00000000
00000000
00000000
00000000
00000000
00000000
00000000
00000000
00000000
00000000
00000000
00000000
00000000
00000000
00000000
00000000
00000000
00000000
00000000
00000000
00000000
00000000
00000000
00000000
00000000
00000000
00000000
00000000
00000000
00000000
00000000
00000000
00000000
00000000
00000000
00000000
00000000
00000000
00000000
00000000
00000000
00000000
00000000
00000000
00000000
00000000
00000000
00000000
00000000
00000000
00000000
00000000
00000000
00000000
00000000
00000000
00000000
00000000
00000000
00000000
00000000
00000000
00000000
00000000
00000000
00000000
00000000
00000000
00000000
00000000
00000000
00000000
00000000
00000000
00000000
00000000
00000000
00000000
00000000
00000000
00000000
00000000
00000000
00000000
00000000
00000000
00000000
00000000
00000000
00000000
00000000
00000000
00000000
00000000
00000000
00000000
00000000
00000000
00000000
00000000
00000000
00000000
00000000
00000000
00000000
00000000
00000000
00000000
00000000
00000000
00000000
00000000
00000000
00000000
00000000
00000000
00000000
00000000
00000000
00000000
00000000
00000000
00000000
00000000
00000000
00000000
00000000
00000000
00000000
00000000
00000000
00000000
00000000
00000000
00000000
00000000
00000000
00000000
00000000
00000000
00000000
00000000
00000000
00000000
00000000
00000000
00000000
00000000
00000000
00000000
00000000
00000000
00000000
00000000
00000000
00000000
00000000
00000000
00000000
00000000
00000000
00000000
00000000
00000000
00000000
00000000
00000000
00000000
00000000
00000000
00000000
00000000
00000000
00000000
00000000
00000000
00000000
00000000
00000000
00000000
00000000
00000000
00000000
00000000
00000000
00000000
00000000
00000000
00000000
00000000
00000000
00000000
00000000
00000000
00000000
00000000
00000000
00000000
00000000
00000000
00000000
00000000
00000000
00000000
00000000
00000000
00000000
00000000
00000000
00000000
00000000
00000000
00000000
00000000
00000000
00000000
00000000
00000000
00000000
00000000
00000000
00000000
00000000
00000000
00000000
00000000
00000000
00000000
00000000
00000000
00000000
00000000
00000000
00000000
00000000
00000000
00000000
00000000
00000000
00000000
00000000
00000000
00000000
00000000
00000000
00000000
00000000
00000000
00000000
00000000
00000000
00000000
00000000
00000000
00000000
00000000
00000000
00000000
00000000
00000000
00000000
00000000
00000000
00000000
00000000
00000000
00000000
00000000
00000000
00000000
00000000
00000000
00000000
00000000
00000000
00000000
00000000
00000000
00000000
00000000
00000000
00000000
00000000
00000000
00000000
00000000
00000000
00000000
00000000
00000000
00000000
00000000
00000000
00000000
00000000
00000000
00000000
00000000
00000000
00000000
00000000
00000000
00000000
00000000
00000000
00000000
00000000
00000000
00000000
00000000
00000000
00000000
00000000
00000000
00000000
00000000
00000000
00000000
00000000
00000000
00000000
00000000
00000000
00000000
00000000
00000000
00000000
00000000
00000000
00000000
00000000
00000000
00000000
00000000
00000000
00000000
00000000
00000000
00000000
00000000
00000000
00000000
00000000
00000000
00000000
00000000
00000000
00000000
00000000
00000000
00000000
00000000
00000000
00000000
00000000
00000000
00000000
00000000
00000000
00000000
00000000
00000000
00000000
00000000
00000000
00000000
00000000
00000000
00000000
00000000
00000000
00000000
00000000
00000000
00000000
00000000
00000000
00000000
00000000
00000000
00000000
00000000
00000000
00000000
00000000
00000000
00000000
00000000
00000000
00000000
00000000
00000000
00000000
00000000
00000000
00000000
00000000
00000000
00000000
00000000
00000000
00000000
00000000
00000000
00000000
00000000
00000000
00000000
00000000
00000000
00000000
00000000
00000000
00000000
00000000
00000000
00000000
00000000
00000000
00000000
00000000
00000000
00000000
00000000
00000000
00000000
00000000
00000000
00000000
00000000
00000000
00000000
00000000
00000000
00000000
00000000
00000000
00000000
00000000
00000000
00000000
00000000
00000000
00000000
00000000
00000000
00000000
00000000
00000000
00000000
00000000
00000000
00000000
00000000
00000000
00000000
00000000
00000000
00000000
00000000
00000000
00000000
00000000
00000000
00000000
00000000
00000000
00000000
00000000
00000000
00000000
00000000
00000000
00000000
00000000
00000000
00000000
00000000
00000000
00000000
00000000
00000000
00000000
00000000
00000000
00000000
00000000
00000000
00000000
00000000
00000000
00000000
00000000
00000000
00000000
00000000
00000000
00000000
00000000
00000000
00000000
00000000
00000000
00000000
00000000
00000000
00000000
00000000
00000000
00000000
00000000
00000000
00000000
00000000
00000000
00000000
00000000
00000000
00000000
00000000
00000000
00000000
00000000
00000000
00000000
00000000
00000000
00000000
00000004
00000005
00000006
00000007
00000008
00000009
0000000a
0000000b
00000000
00000000
06060607
10040406
7D7C7C7F
207A7B7A
05050506
74030305
7B7A7B7F
00787979
0000000B
10000000
7A797A7F
20767777
08080808
74050508
7978797F
00747676
08080808
10080808
7776777F
20727474
06060606
74060606
7675767F
00707373
05050505
10050505
7574757F
206E7171
7372737E
746C7070
7372737E
006B6F6F
02020202
10020202
00000004
20000000
7F7E7F00
747E7E7D
7E7D7E00
007C7C7C
2BC955FF
FF011508
2BD10000
61E59371
E703B7E7

[Information]
Version=1.00
Length=4096
Date=2020-3-11
EccDetail=1
