00000010
A2942FC9
0E96A2A4
152C1358
4FD113EC
18D118C7
1ED514CA
1F481F1B
20B32039
2547251C
25F225E4
1AD118B2
197B190F
1AA319E2
2FC22FC2
A24A3208
320830C1
337E33BE
32B33351
342033EC
34356616
34C63470
6D6836F4
375D3654
37FE37C8
38B49021
392138E4
394A393B
397E3970
3A3539C6
3A8C3A5A
3ADA3AC0
3B113AF0
3B233B18
3B343B2C
3E8F3B3B
3F013EC2
3F703F3A
404F3FE4
40AE4084
412140CE
4161413B
41BD417A
43DD421D
460D45F5
46F0462C
47254710
47D34778
48944864
490548C1
49534938
49F84983
4AE74A75
4B434A8E
4BD64B90
4C504BF7
4D454CC8
4D854D68
4DFB4DB9
4F994EB0
50934C90
518A5104
540653DE
55CD552F
57915616
583457D6
585958E7
5A835978
5B145A5F
5C1E5BAE
5E265CE3
5F7D5EC4
60A0606E
614760D0
61F56174
46AD6238
6C536C53
6C536D46
A36E6CC7
A29E6D37
688C66F2
6AA068C0
774A6B9C
6F0177A6
70526FA3
70F8707F
726D7150
735272AD
74197382
759B751E
75FD75AB
330876B5
770367A0
A3497777
78B37AB3
0E347AEA
AD00AA98
E4500200
2FC7503B
920C7150
A8109708
97089CFF
0E9C01B0
9E409297
5097099C
90140E94
8A3E9708
2C507096
500800AE
A00124CF
100A9E4B
4597529C
BA9E5092
96839C40
909E4392
5DC5973B
17905097
9E503C43
4DA02276
975D9C9E
A033C450
50BC9E5D
1200AA81
3F523596
0100AC16
0A7982EE
5DA02E56
8150BC9E
3C98C3C2
047220DE
1211E7E7
9F359613
C150975D
17185217
00AC1516
AC82EE01
83EF0400
5DA21979
24CF509E
AC00B001
34940400
18D63198
20D628D6
62C53194
01A8C097
93503094
0798013D
30895010
0FA90798
82F500B1
5A2AF514
94683C28
64A92372
50004D50
3E4330C2
15729469
18943BA0
C50E5A03
31509787
9430A876
0143063A
20DE3C98
01176374
20DE3C98
0116B974
A00C7350
089C9708
C952010C
01665F50
10975092
1402CC50
0197529C
AA980E34
0200AD00
503BE450
71502FC7
02CA500C
A096893B
0C549E40
C544522C
5252975E
9E5F3D01
00B01876
941160AC
9E309236
18598018
5901001C
99F9C51D
7494023D
7750297C
2A38502B
973B9245
10975DA0
50975DC5
9C141790
9954975D
2A385029
9C0721B4
8050975E
02CA5031
0196893B
982B7750
CE20CE31
A0319428
1C509E50
9E5DA02A
9F5078D6
973B9216
50179050
BE5417C1
59E41829
58E51875
E6182A55
F318095A
E5541D5A
9E40A026
7E58FE18
3BB455A1
FA509689
00AC0103
99F99C10
AA115201
1000AD00
AE3BE450
CF504000
7F500124
91AA4430
00B002A8
4377BD50
00000001
00000000
00000000
00000000
00000000
00000000
00000000
00000000
00000000
00000000
00000000
00000000
00000000
00000000
00000000
00000000
00000000
00000000
00000000
00000000
00000000
00000000
00000000
00000000
00000000
00000000
00000000
00000000
00000000
00000000
00000000
00000000
00000000
00000000
00000000
00000000
00000000
00000000
00000000
00000000
00000000
00000000
00000000
00000000
00000000
00000000
00000000
00000000
00000000
00000000
00000000
00000000
00000000
00000000
00000000
00000000
00000000
00000000
00000000
00000000
00000000
00000000
00000000
00000000
00000000
00000000
00000000
00000000
00000000
00000000
00000000
00000000
00000000
00000000
00000000
00000000
00000000
00000000
00000000
00000000
00000000
00000000
00000000
00000000
00000000
00000000
00000000
00000000
00000000
00000000
00000000
00000000
00000000
00000000
00000000
00000000
00000000
00000000
00000000
00000000
00000000
00000000
00000000
00000000
00000000
00000000
00000000
00000000
00000000
00000000
00000000
00000000
00000000
00000000
00000000
00000000
00000000
00000000
00000000
00000000
00000000
00000000
00000000
00000000
00000000
00000000
00000000
00000000
00000000
00000000
00000000
00000000
00000000
00000000
00000000
00000000
00000000
00000000
00000000
00000000
00000000
00000000
00000000
00000000
00000000
00000000
00000000
00000000
00000000
00000000
00000000
00000000
00000000
00000000
00000000
00000000
00000000
00000000
00000000
00000000
00000000
00000000
00000000
00000000
00000000
00000000
00000000
00000000
00000000
00000000
00000000
00000000
00000000
00000000
00000000
00000000
00000000
00000000
00000000
00000000
00000000
00000000
00000000
00000000
00000000
00000000
00000000
00000000
00000000
00000000
00000000
00000000
00000000
00000000
00000000
00000000
00000000
00000000
00000000
00000000
00000000
00000000
00000000
00000000
00000000
00000000
00000000
00000000
00000000
00000000
00000000
00000000
00000000
00000000
00000000
00000000
00000000
00000000
00000000
00000000
00000000
00000000
00000000
00000000
00000000
00000000
00000000
00000000
00000000
00000000
00000000
00000000
00000000
00000000
00000000
00000000
00000000
00000000
00000000
00000000
00000000
00000000
00000000
00000000
00000000
00000000
00000000
00000000
00000000
00000000
00000000
00000000
00000000
00000000
00000000
00000000
00000000
00000000
00000000
00000000
00000000
00000000
00000000
00000000
00000000
00000000
00000000
00000000
00000000
00000000
00000000
00000000
00000000
00000000
00000000
00000000
00000000
00000000
00000000
00000000
00000000
00000000
00000000
00000000
00000000
00000000
00000000
00000000
00000000
00000000
00000000
00000000
00000000
00000000
00000000
00000000
00000000
00000000
00000000
00000000
00000000
00000000
00000000
00000000
00000000
00000000
00000000
00000000
00000000
00000000
00000000
00000000
00000000
00000000
00000000
00000000
00000000
00000000
00000000
00000000
00000000
00000000
00000000
00000000
00000000
00000000
00000000
00000000
00000000
00000000
00000000
00000000
00000000
00000000
00000000
00000000
00000000
00000000
00000000
00000000
00000000
00000000
00000000
00000000
00000000
00000000
00000000
00000000
00000000
00000000
00000000
00000000
00000000
00000000
00000000
00000000
00000000
00000000
00000000
00000000
00000000
00000000
00000000
00000000
00000000
00000000
00000000
00000000
00000000
00000000
00000000
00000000
00000000
00000000
00000000
00000000
00000000
00000000
00000000
00000000
00000000
00000000
00000000
00000000
00000000
00000000
00000000
00000000
00000000
00000000
00000000
00000000
00000000
00000000
00000000
00000000
00000000
00000000
00000000
00000000
00000000
00000000
00000000
00000000
00000000
00000000
00000000
00000000
00000000
00000000
00000000
00000000
00000000
00000000
00000000
00000000
00000000
00000000
00000000
00000000
00000000
00000000
00000000
00000000
00000000
00000000
00000000
00000000
00000000
00000000
00000000
00000000
00000000
00000000
00000000
00000000
00000000
00000000
00000000
00000000
00000000
00000000
00000000
00000000
00000000
00000000
00000000
00000000
00000000
00000000
00000000
00000000
00000000
00000000
00000000
00000000
00000000
00000000
00000000
00000000
00000000
00000000
00000000
00000000
00000000
00000000
00000000
00000000
00000000
00000000
00000000
00000000
00000000
00000000
00000000
00000000
00000000
00000000
00000000
00000000
00000000
00000000
00000000
00000000
00000000
00000000
00000000
00000000
00000000
00000000
00000000
00000000
00000000
00000000
00000000
00000000
00000000
00000000
00000000
00000000
00000000
00000000
00000000
00000000
00000000
00000000
00000000
00000000
00000000
00000000
00000000
00000000
00000000
00000000
00000000
00000000
00000000
00000000
00000000
00000000
00000000
00000000
00000000
00000000
00000000
00000000
00000000
00000000
00000000
00000000
00000000
00000000
00000000
00000000
00000000
00000000
00000000
00000000
00000000
00000000
00000000
00000000
00000000
00000000
00000000
00000000
00000000
00000000
00000000
00000000
00000000
00000000
00000000
00000000
00000000
00000000
00000000
00000000
00000000
00000000
00000000
00000000
00000000
00000000
00000000
00000000
00000000
00000000
00000000
00000000
00000000
00000000
00000000
00000000
00000000
00000000
00000000
00000000
00000000
00000000
00000000
00000000
00000000
00000000
00000000
00000000
00000000
00000000
00000000
00000000
00000000
00000000
00000000
00000000
00000000
00000000
00000000
00000000
00000000
00000000
00000000
00000000
00000000
00000000
00000000
00000000
00000000
00000000
00000000
00000000
00000000
00000000
00000000
00000000
00000000
00000000
00000000
00000000
00000000
00000000
00000000
00000000
00000000
00000000
00000000
00000000
00000000
00000000
00000000
00000000
00000000
00000000
00000000
00000000
00000000
00000000
00000000
00000000
00000000
00000000
00000000
00000000
00000000
00000000
00000000
00000000
00000000
00000000
00000000
00000000
00000000
00000000
00000000
00000000
00000000
00000000
00000000
00000000
00000000
00000000
00000000
00000000
00000000
00000000
00000000
00000000
00000000
00000000
00000000
00000000
00000000
00000000
00000000
00000000
00000000
00000000
00000000
00000000
00000000
00000000
00000000
00000000
00000000
00000000
00000000
00000000
00000000
00000000
00000000
00000000
00000000
00000000
00000000
00000000
00000000
00000000
00000000
00000000
00000000
00000000
00000000
00000000
00000000
00000000
00000000
00000000
00000000
00000000
00000000
00000000
00000000
00000000
00000000
00000000
00000000
00000000
00000000
00000000
00000000
00000000
00000000
00000000
00000000
00000000
00000000
00000000
00000000
00000000
00000000
00000000
00000000
00000000
00000000
00000000
00000000
00000000
00000000
00000000
00000000
00000000
00000000
00000000
00000000
00000000
00000000
00000000
00000000
00000000
00000000
00000000
00000000
00000000
00000000
00000000
00000000
00000000
00000000
00000000
00000000
00000000
00000000
00000000
00000000
00000000
00000000
00000000
00000000
00000000
00000000
00000000
00000000
00000000
00000000
00000000
00000000
00000000
00000000
00000000
00000000
00000000
00000000
00000000
00000000
00000000
00000000
00000000
00000000
00000000
00000000
00000000
00000000
00000000
00000000
61E59371
A0B8794F

[Information]
Version=1.00
Length=4096
Date=2020-3-11
EccDetail=1