00000010
A2902FC9
0E96A2A0
152C1358
4FD113EC
18D118C7
1ED514CA
1F481F1B
20B32039
2547251C
25F225E4
1AD118B2
197B190F
1AA319E2
2FC22FC2
A24A3208
320830C1
337E33BE
32B33351
342033EC
34356616
34C63470
6D6836F4
375D3654
37FE37C8
38B49021
392138E4
394A393B
397E3970
3A3539C6
3A8C3A5A
3ADA3AC0
3B113AF0
3B233B18
3B343B2C
3E8F3B3B
3F013EC2
3F703F3A
404F3FE4
40AE4084
412140CE
4161413B
41BD417A
43DD421D
460D45F5
46F0462C
47254710
47D34778
48944864
490548C1
49534938
49F84983
4AE74A75
4B434A8E
4BD64B90
4C504BF7
4D454CC8
4D854D68
4DFB4DB9
4F994EB0
50934C90
518A5104
540653DE
55CD552F
57915616
583457D6
585958E7
5A835978
5B145A5F
5C1E5BAE
5E265CE3
5F7D5EC4
60A0606E
614760D0
61F56174
46AD6238
6C536C53
6C536D46
A35AA361
A29A6D37
688C6768
6AA068C0
774A6B9C
6F0177A6
70526FA3
70F8707F
726D7150
735272AD
74197382
759B751E
75FD75AB
330876B5
770367A0
A3457777
78B37AB3
0E347AEA
AD00AA98
E4500200
2FC7503B
920C7150
A8109708
97089CFF
0E9C01B0
9E409297
5097099C
90140E94
8A3E9708
2C507096
500800AE
A00124CF
100A9E4B
4597529C
BA9E5092
96839C40
909E4392
5DC5973B
17905097
9E503C43
4DA02276
975D9C9E
A033C450
50BC9E5D
1200AA81
3F523596
0100AC16
0A7982EE
5DA02E56
8150BC9E
3C98C3C2
047220DE
1211E7E7
9F359613
C150975D
17185217
00AC1516
AC82EE01
83EF0400
5DA21979
24CF509E
AC00B001
34940400
18D63198
20D628D6
62C53194
01A8C097
93503094
0798013D
30895010
0FA90798
82F500B1
5A2AF514
94683C24
64A91F72
3E004D50
15729469
18943BA0
C50E5A03
31509787
9430A876
0143063A
20DE3C98
01176374
20DE3C98
0116B974
A00C7350
089C9708
F552010C
01665F50
10975092
1402CC50
0197529C
AA980E34
0200AD00
503BE450
71502FC7
02CA500C
A096893B
0C549E40
C544522C
5252975E
9E5F3D01
00B01876
941160AC
9E309236
18598018
5901001C
99F9C51D
7494023D
7750297C
2A38502B
973B9245
10975DA0
50975DC5
9C141790
9954975D
2A385029
9C0721B4
8050975E
02CA5031
0196893B
982B7750
CE20CE31
A0319428
1C509E50
9E5DA02A
9F5078D6
973B9216
50179050
BE5417C1
59E41829
5AE61875
26E55405
189E40A0
A17E58FE
00ACAB55
99F99C21
DE3C9801
981D7620
D620CE3C
CF30D628
523C9440
D63C980F
D628CE20
9440D730
DDAC013C
5082EF23
89AA3D15
3B77BD54
FA509689
00000103
00000000
00000000
00000000
00000000
00000000
00000000
00000000
00000000
00000000
00000000
00000000
00000000
00000000
00000000
00000000
00000000
00000000
00000000
00000000
00000000
00000000
00000000
00000000
00000000
00000000
00000000
00000000
00000000
00000000
00000000
00000000
00000000
00000000
00000000
00000000
00000000
00000000
00000000
00000000
00000000
00000000
00000000
00000000
00000000
00000000
00000000
00000000
00000000
00000000
00000000
00000000
00000000
00000000
00000000
00000000
00000000
00000000
00000000
00000000
00000000
00000000
00000000
00000000
00000000
00000000
00000000
00000000
00000000
00000000
00000000
00000000
00000000
00000000
00000000
00000000
00000000
00000000
00000000
00000000
00000000
00000000
00000000
00000000
00000000
00000000
00000000
00000000
00000000
00000000
00000000
00000000
00000000
00000000
00000000
00000000
00000000
00000000
00000000
00000000
00000000
00000000
00000000
00000000
00000000
00000000
00000000
00000000
00000000
00000000
00000000
00000000
00000000
00000000
00000000
00000000
00000000
00000000
00000000
00000000
00000000
00000000
00000000
00000000
00000000
00000000
00000000
00000000
00000000
00000000
00000000
00000000
00000000
00000000
00000000
00000000
00000000
00000000
00000000
00000000
00000000
00000000
00000000
00000000
00000000
00000000
00000000
00000000
00000000
00000000
00000000
00000000
00000000
00000000
00000000
00000000
00000000
00000000
00000000
00000000
00000000
00000000
00000000
00000000
00000000
00000000
00000000
00000000
00000000
00000000
00000000
00000000
00000000
00000000
00000000
00000000
00000000
00000000
00000000
00000000
00000000
00000000
00000000
00000000
00000000
00000000
00000000
00000000
00000000
00000000
00000000
00000000
00000000
00000000
00000000
00000000
00000000
00000000
00000000
00000000
00000000
00000000
00000000
00000000
00000000
00000000
00000000
00000000
00000000
00000000
00000000
00000000
00000000
00000000
00000000
00000000
00000000
00000000
00000000
00000000
00000000
00000000
00000000
00000000
00000000
00000000
00000000
00000000
00000000
00000000
00000000
00000000
00000000
00000000
00000000
00000000
00000000
00000000
00000000
00000000
00000000
00000000
00000000
00000000
00000000
00000000
00000000
00000000
00000000
00000000
00000000
00000000
00000000
00000000
00000000
00000000
00000000
00000000
00000000
00000000
00000000
00000000
00000000
00000000
00000000
00000000
00000000
00000000
00000000
00000000
00000000
00000000
00000000
00000000
00000000
00000000
00000000
00000000
00000000
00000000
00000000
00000000
00000000
00000000
00000000
00000000
00000000
00000000
00000000
00000000
00000000
00000000
00000000
00000000
00000000
00000000
00000000
00000000
00000000
00000000
00000000
00000000
00000000
00000000
00000000
00000000
00000000
00000000
00000000
00000000
00000000
00000000
00000000
00000000
00000000
00000000
00000000
00000000
00000000
00000000
00000000
00000000
00000000
00000000
00000000
00000000
00000000
00000000
00000000
00000000
00000000
00000000
00000000
00000000
00000000
00000000
00000000
00000000
00000000
00000000
00000000
00000000
00000000
00000000
00000000
00000000
00000000
00000000
00000000
00000000
00000000
00000000
00000000
00000000
00000000
00000000
00000000
00000000
00000000
00000000
00000000
00000000
00000000
00000000
00000000
00000000
00000000
00000000
00000000
00000000
00000000
00000000
00000000
00000000
00000000
00000000
00000000
00000000
00000000
00000000
00000000
00000000
00000000
00000000
00000000
00000000
00000000
00000000
00000000
00000000
00000000
00000000
00000000
00000000
00000000
00000000
00000000
00000000
00000000
00000000
00000000
00000000
00000000
00000000
00000000
00000000
00000000
00000000
00000000
00000000
00000000
00000000
00000000
00000000
00000000
00000000
00000000
00000000
00000000
00000000
00000000
00000000
00000000
00000000
00000000
00000000
00000000
00000000
00000000
00000000
00000000
00000000
00000000
00000000
00000000
00000000
00000000
00000000
00000000
00000000
00000000
00000000
00000000
00000000
00000000
00000000
00000000
00000000
00000000
00000000
00000000
00000000
00000000
00000000
00000000
00000000
00000000
00000000
00000000
00000000
00000000
00000000
00000000
00000000
00000000
00000000
00000000
00000000
00000000
00000000
00000000
00000000
00000000
00000000
00000000
00000000
00000000
00000000
00000000
00000000
00000000
00000000
00000000
00000000
00000000
00000000
00000000
00000000
00000000
00000000
00000000
00000000
00000000
00000000
00000000
00000000
00000000
00000000
00000000
00000000
00000000
00000000
00000000
00000000
00000000
00000000
00000000
00000000
00000000
00000000
00000000
00000000
00000000
00000000
00000000
00000000
00000000
00000000
00000000
00000000
00000000
00000000
00000000
00000000
00000000
00000000
00000000
00000000
00000000
00000000
00000000
00000000
00000000
00000000
00000000
00000000
00000000
00000000
00000000
00000000
00000000
00000000
00000000
00000000
00000000
00000000
00000000
00000000
00000000
00000000
00000000
00000000
00000000
00000000
00000000
00000000
00000000
00000000
00000000
00000000
00000000
00000000
00000000
00000000
00000000
00000000
00000000
00000000
00000000
00000000
00000000
00000000
00000000
00000000
00000000
00000000
00000000
00000000
00000000
00000000
00000000
00000000
00000000
00000000
00000000
00000000
00000000
00000000
00000000
00000000
00000000
00000000
00000000
00000000
00000000
00000000
00000000
00000000
00000000
00000000
00000000
00000000
00000000
00000000
00000000
00000000
00000000
00000000
00000000
00000000
00000000
00000000
00000000
00000000
00000000
00000000
00000000
00000000
00000000
00000000
00000000
00000000
00000000
00000000
00000000
00000000
00000000
00000000
00000000
00000000
00000000
00000000
00000000
00000000
00000000
00000000
00000000
00000000
00000000
00000000
00000000
00000000
00000000
00000000
00000000
00000000
00000000
00000000
00000000
00000000
00000000
00000000
00000000
00000000
00000000
00000000
00000000
00000000
00000000
00000000
00000000
00000000
00000000
00000000
00000000
00000000
00000000
00000000
00000000
00000000
00000000
00000000
00000000
00000000
00000000
00000000
00000000
00000000
00000000
00000000
00000000
00000000
00000000
00000000
00000000
00000000
00000000
00000000
00000000
00000000
00000000
00000000
00000000
00000000
00000000
00000000
00000000
00000000
00000000
00000000
00000000
00000000
00000000
00000000
00000000
00000000
00000000
00000000
00000000
00000000
00000000
00000000
00000000
00000000
00000000
00000000
00000000
00000000
00000000
00000000
00000000
00000000
00000000
00000000
00000000
00000000
00000000
00000000
00000000
00000000
00000000
00000000
00000000
00000000
00000000
00000000
00000000
00000000
00000000
00000000
00000000
00000000
00000000
00000000
00000000
00000000
00000000
00000000
00000000
00000000
00000000
00000000
00000000
00000000
00000000
00000000
00000000
00000000
00000000
00000000
00000000
FB02060A
F6FE0C0F
04041214
F0FCF619
05060AE7
FBFA140F
FC0805FB
F8F8FB0A
F90AFBFB
F2F4F6F6
EBF005F1
E4EC0AEC
CEE80FE7
C4E614E2
CED8E2F6
C4CED3F1
ECF004F8
E8EBFCF1
E2E7F8EC
E2EFF40F
DADFFADA
E0EBFA1E
DAE90420
EAE5E40A
DADFECFB
DEF0F2E7
BCD6E8E2
B6CEDED8
82C8D6D3
C4D6E8E7
AAC4DAE2
9EBAD8D0
61E59371
5845465A

[Information]
Version=1.00
Length=4096
Date=2020-3-11
EccDetail=1
