0324C006
0087C006
00888006
00D52006
00DA0006
00E10006
0513E006
013C8006
01438006
011B6006
00FA0006
0083C006
008C2006
0092A006
00978006
00CFE006
007F0006
01BFC006
01C0A006
01C22006
01C38006
01C7E006
01CE0006
01CFE006
01D56006
01D9A006
01DBC006
01DCA006
01DE4006
01EA6006
01F72006
02012006
0205A006
02090006
020E8006
02138006
021A8006
021CA006
021FA006
0222C006
02264006
022AC006
022D0006
022FA006
02306006
0232A006
023D2006
02438006
02456006
0247A006
02490006
024C0006
024D8006
024EE006
02502006
02516006
02530006
02546006
0255C006
0256E006
025A8006
025D6006
0260E006
02648006
026BE006
02744006
02776006
02796006
027B8006
027CC006
03EBC006
03F06006
03F38006
03F5E006
03F68006
03FA0006
03FF8006
04100006
04518006
04582006
02834006
028A0006
028C4006
02914006
02972006
02A16006
02A6A006
02A84006
02B14006
02B36006
02B50006
02BAA006
02BEE006
02C34006
02CAA006
02CF6006
02D1E006
02D38006
02D80006
02DDE006
02E3A006
02E8E006
02EC6006
02F14006
02F86006
02FE0006
03020006
0305C006
0308E006
030D0006
03154006
0321E006
032A6006
032D4006
032FC006
03358006
033DC006
03442006
0349E006
034D2006
0353C006
0356C006
03694006
037A8006
03834006
03888006
038E4006
0390E006
039FA006
03AAC006
03B08006
03B4C006
03B7E006
03BC6006
03C30006
0422E006
04290006
042B4006
042EE006
04356006
0438C006
043E4006
04452006
04470006
04494006
04636006
046BE006
04752006
04886006
048C0006
0001C016
0001E216
0000C2B1
00000004
013E200F
0513A20F
0512C006
003FE091
013E4006
025ACC55
001D402C
00EB0008
00F72003
001C602C
0516C007
001D602C
05190007
001D802C
05196007
001DA02C
0515A007
224C6018
00EB0006
024F25D5
000396B0
0516600B
00002010
0650E017
01C20003
00000074
01B6C003
018E4006
000162B1
000182B1
015D000F
0517820F
0512C003
0158A006
000001A7
00001396
0000601D
027FE110
015D2006
000114B1
00011431
0254EAD5
03D9C006
000142B2
000242B2
00000004
05182003
0519C003
0518A006
05182003
018C8003
0518A006
024C801C
00008016
00000011
0257401B
325A4217
051B4003
025A401C
00000010
08000029
00004016
013BA003
00000004
325A4018
0800002A
00002016
00000081
03DB2003
03CFE003
0A574018
3C000029
28000029
14200091
000000A1
03CE6003
32574218
00008090
00000081
00000026
03CF0003
03D5C003
03CF0003
03D5C003
03CF0003
03D5C003
03CF0003
00000082
000020AC
051F4007
00000081
03D5C003
0000801D
00000227
00000082
051D000D
0000801D
03D12003
000C8090
00258003
0257401C
00008211
00020210
00000221
0257401B
00000082
051BA00D
00000004
00000000
00000000
00000000
00000000
00000000
00000000
00000000
00000000
00000000
00000000
00000000
00000000
00000000
00000000
00000000
00000000
00000000
00000000
00000000
00000000
00000000
00000000
00000000
00000000
00000000
00000000
00000000
00000000
00000000
00000000
00000000
00000000
00000000
00000000
00000000
00000000
00000000
00000000
00000000
00000000
00000000
00000000
00000000
00000000
00000000
00000000
00000000
00000000
00000000
00000000
00000000
00000000
00000000
00000000
00000000
00000000
00000000
00000000
00000000
00000000
00000000
00000000
00000000
00000000
00000000
00000000
00000000
00000000
00000000
00000000
00000000
00000000
00000000
00000000
00000000
00000000
00000000
00000000
00000000
00000000
00000000
00000000
00000000
00000000
00000000
00000000
00000000
00000000
00000000
00000000
00000000
00000000
00000000
00000000
00000000
00000000
00000000
00000000
00000000
00000000
00000000
00000000
00000000
00000000
00000000
00000000
00000000
00000000
00000000
00000000
00000000
00000000
00000000
00000000
00000000
00000000
00000000
00000000
00000000
00000000
00000000
00000000
00000000
00000000
00000000
00000000
00000000
00000000
00000000
00000000
00000000
00000000
00000000
00000000
00000000
00000000
00000000
00000000
00000000
00000000
00000000
00000000
00000000
00000000
00000000
00000000
00000000
00000000
00000000
00000000
00000000
00000000
00000000
00000000
00000000
00000000
00000000
00000000
00000000
00000000
00000000
00000000
00000000
00000000
00000000
00000000
00000000
00000000
00000000
00000000
00000000
00000000
00000000
00000000
00000000
00000000
00000000
00000000
00000000
00000000
00000000
00000000
00000000
00000000
00000000
00000000
00000000
00000000
00000000
00000000
00000000
00000000
00000000
00000000
00000000
00000000
00000000
00000000
00000000
00000000
00000000
00000000
00000000
00000000
00000000
00000000
00000000
00000000
00000000
00000000
00000000
00000000
00000000
00000000
00000000
00000000
00000000
00000000
00000000
00000000
00000000
00000000
00000000
00000000
00000000
00000000
00000000
00000000
00000000
00000000
00000000
00000000
00000000
00000000
00000000
00000000
00000000
00000000
00000000
00000000
00000000
00000000
00000000
00000000
00000000
00000000
00000000
00000000
00000000
00000000
00000000
00000000
00000000
00000000
00000000
00000000
00000000
00000000
00000000
00000000
00000000
00000000
00000000
00000000
00000000
00000000
00000000
00000000
00000000
00000000
00000000
00000000
00000000
00000000
00000000
00000000
00000000
00000000
00000000
00000000
00000000
00000000
00000000
00000000
00000000
00000000
00000000
00000000
00000000
00000000
00000000
00000000
00000000
00000000
00000000
00000000
00000000
00000000
00000000
00000000
00000000
00000000
00000000
00000000
00000000
00000000
00000000
00000000
00000000
00000000
00000000
00000000
00000000
00000000
00000000
00000000
00000000
00000000
00000000
00000000
00000000
00000000
00000000
00000000
00000000
00000000
00000000
00000000
00000000
00000000
00000000
00000000
00000000
00000000
00000000
00000000
00000000
00000000
00000000
00000000
00000000
00000000
00000000
00000000
00000000
00000000
00000000
00000000
00000000
00000000
00000000
00000000
00000000
00000000
00000000
00000000
00000000
00000000
00000000
00000000
00000000
00000000
00000000
00000000
00000000
00000000
00000000
00000000
00000000
00000000
00000000
00000000
00000000
00000000
00000000
00000000
00000000
00000000
00000000
00000000
00000000
00000000
00000000
00000000
00000000
00000000
00000000
00000000
00000000
00000000
00000000
00000000
00000000
00000000
00000000
00000000
00000000
00000000
00000000
00000000
00000000
00000000
00000000
00000000
00000000
00000000
00000000
00000000
00000000
00000000
00000000
00000000
00000000
00000000
00000000
00000000
00000000
00000000
00000000
00000000
00000000
00000000
00000000
00000000
00000000
00000000
00000000
00000000
00000000
00000000
00000000
00000000
00000000
00000000
00000000
00000000
00000000
00000000
00000000
00000000
00000000
00000000
00000000
00000000
00000000
00000000
00000000
00000000
00000000
00000000
00000000
00000000
00000000
00000000
00000000
00000000
00000000
00000000
00000000
00000000
00000000
00000000
00000000
00000000
00000000
00000000
00000000
00000000
00000000
00000000
00000000
00000000
00000000
00000000
00000000
00000000
00000000
00000000
00000000
00000000
00000000
00000000
00000000
00000000
00000000
00000000
00000000
00000000
00000000
00000000
00000000
00000000
00000000
00000000
00000000
00000000
00000000
00000000
00000000
00000000
00000000
00000000
00000000
00000000
00000000
00000000
00000000
00000000
00000000
00000000
00000000
00000000
00000000
00000000
00000000
00000000
00000000
00000000
00000000
00000000
00000000
00000000
00000000
00000000
00000000
00000000
00000000
00000000
00000000
00000000
00000000
00000000
00000000
00000000
00000000
00000000
00000000
00000000
00000000
00000000
00000000
00000000
00000000
00000000
00000000
00000000
00000000
00000000
00000000
00000000
00000000
00000000
00000000
00000000
00000000
00000000
00000000
00000000
00000000
00000000
00000000
00000000
00000000
00000000
00000000
00000000
00000000
00000000
00000000
00000000
00000000
00000000
00000000
00000000
00000000
00000000
00000000
00000000
00000000
00000000
00000000
00000000
00000000
00000000
00000000
00000000
00000000
00000000
00000000
00000000
00000000
00000000
00000000
00000000
00000000
00000000
00000000
00000000
00000000
00000000
00000000
00000000
00000000
00000000
00000000
00000000
00000000
00000000
00000000
00000000
00000000
00000000
00000000
00000000
00000000
00000000
00000000
00000000
00000000
00000000
00000000
00000000
00000000
00000000
00000000
00000000
00000000
00000000
00000000
00000000
00000000
00000000
00000000
00000000
00000000
00000000
00000000
00000000
00000000
00000000
00000000
00000000
00000000
00000000
00000000
00000000
00000000
00000000
00000000
00000000
00000000
00000000
00000000
00000000
00000000
00000000
00000000
00000000
00000000
00000000
00000000
00000000
00000000
00000000
00000000
00000000
00000000
00000000
00000000
00000000
00000000
00000000
00000000
00000000
00000000
00000000
00000000
00000000
00000000
00000000
00000000
00000000
00000000
00000000
00000000
00000000
00000000
00000000
00000000
00000000
00000000
00000000
00000000
00000000
00000000
00000000
00000000
00000000
00000000
00000000
00000000
00000000
00000000
00000000
00000000
00000000
00000000
00000000
00000000
00000000
00000000
00000000
00000000
00000000
00000000
00000000
00000000
00000000
00000000
00000000
00000000
00000000
00000000
00000000
00000000
00000000
00000000
00000000
00000000
00000000
00000000
00000000
00000000
00000000
00000000
00000000
00000000
00000000
00000000
00000000
00000000
00000000
00000000
00000000
00000000
00000000
00000000
00000000
00000000
00000000
00000000
00000000
00000000
00000000
00000000
00000000
00000000
00000000
00000000
00000000
BC0E6AF3
CD0978CB

[Information]
Version=1.00
Length=4096
Date=2011-5-25
EccDetail=1